906709166 500
574798102 469125656 33535292 519562753 302807207 297365708 895576422 917866799 425244692 675851071 282077422 152397757 977658939 29345825 164413928 381443196 874570811 793703778
346808594 633590477
540912953 28815303 102842593 646805022 522295329 756865884 783820095 640513224 803745750 564406880 556768558 777787447 504212083 947488707 530948377 480099432
982695732 905352971 384451216 272977388 1983649 208211193 542121206 762567668 988945863 618047749 340632836 966646216
189871798 139271642
887618928 211671717 319062840 987784076 437793710 872340435
570624697 648966740
728715901 506143287 104990577 354415112 989675719 521705330 974750353 733929346 619714633 250472837 797655739 579406766 762999033 983904729 936349627 265612883 56795878 406621241
968466911 85044283 235199517 677382820 306392462 55983068 582860502 177340285 596407322 632497423 607596863 688045167 495866256 346627847
738603662 504150425 497333615 123852428 575607162 302730945 738428355 369514572 49982254 71005206 457650479 925281297 627996546 722722734 438948137 720061421 490323775 469346797 402677307 107179925
368944173 778480419 910670371 465221951 986172795 691788874 505774142 506103578 565553832 880433634 776015409 997686919
189066094 117394785 645160637 149636887 696860487 692585935 212585840 727960523 806992328 795040084 33467163 791639969 610539188 587260833 478504877 3621206
544612890 64142288 883700465 151726058 18802309 200271561 310324214 242752029 961127019 464625358 937627991 692593961 874807235 512650162
347610723 685923201 295767232 577238230 658084150 601065329 660809373 896732338 341647958 506135055 73396641 792661383 683369621 995831778
841345481 25513701
224786292 427278007 783824843 83672651 88989545 186120271 59824314 250595940 289938680 771056153
260284804 26540127 376815394 368533204 784962022 115232051 424760712 203602125 717657620 524791501 714093627 774358881 984596248 337088445
812683187 563942618 97254708 670799150 43366881 723921162 244703130 355540510 135316586 597673402
826275035 662851253 442273679 901322187 379427447 254312320 657444904 532062035
147515040 60013017 987133773 391877379 796682967 687715419 957739559 284281776 523457498 329956960 441159432 646299156 840415193 389975984
868246568 753554534 554761030 365164994 325267717 275724972 605635628 874645647 87667551 599448312 166428415 913491191 165039194 463278928
37810411 123151497 641330552 378273361 453929591 716238174 538301792 718479639 169450941 72481757 920298614 252351547
530314069 223669457 908329914 677852166 20540683 199333233 337182855 264967333 371725222 361282340 408628357 498965076 956519641 404108658 239473213 407267469 691111093 335857253
884793485 554921855 383541522 735609227 877580136 150704216 596647351 890069273 247355610 440942840 783238010 279396277
464038532 995676206 921961893 256766219
246295957 359211626 26626994 136359819 770826128 567367141 889420521 681342450 8690417 861855861
998027064 100511498 317173320 824813772 816975250 106873097 582190531 320628480 355062921 708960643 394057239 295973302 989067405 64724767 493619088 11597346 146381154 976999610
696450229 452280200 853102854 712416520 740344025 152227698 87483398 762108462 742316901 344713684
576833958 90927020 853280261 227481292
732603016 547139672 294549149 601356944 29516752 312233339 225319693 31036514 221203486 13736702
265939205 537946237 662161608 836964347 772432163 639230897 249606463 347907450 608167907 10204371 656962212 26944886 385299087 466079472 786786551 413583112 252127121 637475107 191081828 566491094
11307363 398039460 944477702 78543819 679977963 621609844 500633719 770389918 827584728 102998921 410627093 300625874 602605816 789143594 886127919 529233851
680159613 668447076 85550261 181469509 815156702 765851650 587180040 814136568 752072608 9177432 310952520 65323996 6633930 422926660 96930089 578162155 80612842 384959644 313824867 189775775
614153958 325796483 850116730 22390020 931754356 224476660 138368826 46285568 103865368 645840317 490400960 204338060 791308032 675362731 969009735 229628672 331040381 374289948 73671890 435865280
581089021 585017608
283053320 679623237 197940233 704223958 155305092 224875824 931488937 499323177 70719796 525170089 228241775 764679770 120298741 846876393
123107797 310237808
181810494 509916890 241045577 771172456
69593837 709334807 623695641 310888350
117907455 96769150 977010607 173908300 257855007 444905501 421546691 203973586 863153685 996263432
961580888 944482917 85879909 271172457 709037748 303950799 196142086 654076197 250560467 117008514
182078837 613358270
459326591 550961990 205891823 96258061 381576886 284525104 761284888 446240447 722962464 653429900 320422714 59567332 538165506 650897652 277739112 336322301
412546462 785929063 821164711 471989042 591148780 935795220 902162176 477142536
963790332 409140577 142374593 430347331 77968610 560984140 694896049 573687861 83068175 62720246 940624705 327493779 205488000 845048355
873411789 49722589 724307166 951623398 753027199 480048261
310505680 768876256 937631928 806699145 112821644 680180560 735122986 252950828
775361964 895430914 779435921 969528335 697681927 510318742 7744990 574503672 249291998 70702165 677060142 953450309 243352328 71659804 245094236 755222165 127826195 423820946
647448893 123394195
576324440 132138572 506497150 864691224 620282356 932588805 992940385 990085545 786441448 726317535 857471070 369637882 397593845 342747075 568895238 62403921 151343285 823115740
268875526 46291537 565517929 352917646 159523935 551411746 219454177 393297758 97576236 960860520
497550771 761114564 776796363 654362034 10132716 652038556
88428673 30944687 426657415 154313218 805390025 886391338 365708800 258115243 654744469 109051756 305245917 374098826 470992076 67415782 532308672 124144894 467115979 659560231
993226381 462769265 406224442 95648451 762651932 83595719 803556622 454052379 133094853 274577987 66485022 871936257 687850128 736881915 560700008 939709784
358737535 354320365 329382514 236487044 835172270 134946166 757847342 278634364 457426310 639959349 266325744 291747579 361141936 483862904 623517061 192991883 667492880 306432703 104925325 738855243
742749414 783806235 366550842 857651331 73316949 244549261 855217974 85405509 643007023 27381686 847709664 196289659 487485792 806165756
603453623 936430794 886921151 204152714 741745851 863525624 282384854 33310268 862393999 48026592 904647884 660913705 251426476 34543745 222119070 522447808
467959290 741001934 50698120 716021954
163707121 508927394 935353633 573996870 387119669 702096986 125506642 496972854
885946428 186496305 761116142 839840318 873970791 224529240 61910683 819538198
111593933 601734135
453865169 485614362 512286159 46752491 295213046 399445405 176689152 714820088 764870814 814762957
844626759 769740278 1395506 708217559 807789942 421134807 321738633 524403200 383278965 176184951 323088328 29831672 721515454 218637872 135198350 240614723
320172502 281538547 585683403 848693445 851437294 76456498 56393270 928141560 342386596 325216518 691454793 343324077 177487601 499663657
622164492 772045193 468092425 968303487 193519609 189314928 229982412 515746881 852751185 214037641 17208310 753116146
113317815 612185031 742029822 122097460 836864445 610225560 684288463 378121650 27848495 286003965 942506398 22684176 930181765 567170622 724173240 235213040
563595305 758931307 340551242 384339995 842504090 777081922 27752314 454076783 489797290 634511063 114196481 961344551 724633036 758471191 106306160 929204261 398396165 503164577
560251129 3002353 422043113 956213711 374533658 803064360
364648212 211397 645917817 525070270 386765447 593543603 725886262 294819677 371803048 875220101 476829060 187622408 846310791 577580364 46830911 27018979 670582750 390861031 946621550 453064880
466864069 616362676 489585596 473762489
388084087 191695666 200728015 176701718 624844152 581019742 645732821 402949309
752561033 488598486 925753591 267016151 45121906 356078214 387083355 632581515 984940775 272460861
548165307 318654166 220161829 496886061 42673826 685713547 700829679 920574956 356810535 357197087 422599366 467681810
410875293 167864710 504185544 876804453 386799494 257518130 662754550 500879167 648724184 332884255 880802 750254150 50001952 274085771 101530764 70512844
132501338 888267458 262004017 95095778 588867248 229806259 897313763 947270258 617724969 654974093 168148569 384228187 167169052 80472952 323841850 770450054 897287318 474231020 889029317 95486067
721608951 293310297 620791465 44444737 752771610 292611344 794564167 613101557 191468593 795436005
653383749 237927291 980723330 936228978 992146318 459403514 943300684 459178432 810738785 804583401 176470400 425228103 518678409 254300451 904257751 845544480
325483633 922014847 64362164 29247264 122345276 461494443 226470524 842196635 292621606 977386221 783636896 941140264 170158736 970288847 741972274 785070026
766077026 588644465 673569829 944487340 677920044 698232834 286332538 402309528 89358713 855008404 506891580 559582323 264869928 149465191
183772578 113367993 250751387 390137142
420959149 561279342 874514034 306034043 815938343 946510626 807164553 391118148 197650543 950108542
463284165 703958248 504661893 848349575 950985691 648581941
141592022 555526188 958746121 319263191 439413558 12974882 922610361 725766275 814337594 761497855
245551574 999475463 545655650 578634012
41490634 98782928 830466979 832537492 693566273 690976462 914762828 431420882 253460293 667532494
527761039 223970886 645679070 538925571 513272614 83960152 233097767 6088904 182819493 646566666 619624788 12073801 904077118 635406182
256361503 574743286 891394508 729672579 434149163 825391426
176965122 872620615 921241441 155902081 7894783 783637780 727829433 766658194 168244896 886089634 946132560 715537514
935589793 193635990 647831745 148127717 456384827 576187428 89185520 41662013 540622445 648994436 647874497 951540860 239032452 189932836 254262843 899087764
709146622 73047827 111549346 714390929 347085749 152983939 925629066 754392697 127428422 134564571 960443009 947146492 219337020 620018988
887479318 654339592 400689074 67840793 557988786 647661696 274373852 318758338 961558999 246140036 2557434 409854005 646105857 823591921 220970803 131606449
82349108 620720999 833542727 746250340 363054744 545101015 936083071 60844750 598490375 981636984 850171472 806318345 759380674 526873619 352139712 325490619
307107487 146163474
639111823 151275245 822559656 984356125 129475600 496541053 245475123 255325084
470888276 1538484 283512167 342443122 731706586 224513366 325625731 347510236 6503844 480347275 139632777 339740120 394769017 335786353 603512698 267939836 772105743 403174254 998050261 208575751
818086872 745766977 750290935 956293829 31236446 681294869 85788374 311885962 697863052 605053178 490485676 542856819 425066886 353247088 312495625 99706110 654679991 971029162
175918186 683255757 742227193 252199152 839910578 751686002 440642357 461484716 444464616 685891255 338736862 334163024 955046225 732960286
399305685 423423369 257340765 196402543 487602811 92391525 688152071 118067636 854500295 382721229
789672980 300592175 173857657 488208062 752351511 164551895 546821766 934120207
353084368 927315188 51369653 120181380 497681585 31581707 841396189 434590341 502971350 630294623 408195046 725611209 390733569 954437793 667285205 933210742 217907399 54209774 876693976 256633705
864240051 171525753 328603826 426315244 57289506 646253924 50470764 92511734 161359047 262124258 181638433 975950608 796537378 799693097 668535293 530922235 618378702 185240859 918492981 779260388
334599297 552861687 643578745 260960026 691703635 646418724
729360623 638394109 932874513 99531493 125876052 316576985 299234652 827558575 690528067 606325342 184966166 161567201 736686503 275082252
516931694 683891240
494064692 993577248 226883755 673914928
459937181 376924697 418735698 685521752 562388954 444580545 315304824 601104068 230631762 197290186
533053140 721811118 254423419 502565980 275795729 784426092
846300615 865742563
110067126 880911292 196259615 735567822 50220322 774628010 85566232 806742392 754353101 70896795 655775726 449891830 757168397 920273048
134436465 469675953 897024913 340444403 256713007 340844205 222398094 339469065 976491248 262259781 781536395 146663784 153114306 341113903 372535169 417144548 228958451 593985192
748376949 8891824 923875559 988283218 301830717 944108557 403282799 453926001 621545587 100865403 210295647 508444803 115706210 51992194 345561963 843343768 51033043 824286477 742485163 780337281
80326239 807331048 838311711 434819328 783959086 310488553 5477926 755899600 431448334 113511839 244892105 847996484 944619496 118255799 5794219 313818340 711591758 55576615
872879688 350786898 324481024 667732641 193438671 231018824 449277564 167384034 768801641 413325209 431963490 75801355 836312590 298583059 632413735 515334068 291162749 855667171
225907998 263321684 849458365 775753983 231351402 851156669 699778862 491545718 353896565 991386809 534747901 764618712 622390135 127277838 293494396 836119178 309242694 319481412
449703546 164516129 235538899 331374032 298156343 894981730 776662157 466186538 593678440 612104225 923458295 298373155 546582628 50428280 554672436 937454507 390174176 805911428
598108133 539190213 423175689 969046303 596770264 266719722 200857561 47175054 908114680 588534007 383052326 909714367 845264940 135968029 976426049 289968123 339096204 465033257
902470414 292711338 814406703 953314245 553245671 952389852 319563180 645531512
57587690 842665116 39122805 519749191 764095190 369635517 396276375 883583807
347362999 530131316 347760347 196258194 103009963 894339399 983528142 922273203 324037285 689696503
953771 600239911 331959406 896176857 776481252 943369434 325314588 912041001 10529612 347281535 798196686 293297807 656196164 832558707 464959017 780193285
584362470 439204015 522105559 472663376 146675383 975284764
441595044 43188007 943116209 297706275 643470228 753981467 390640181 973800286 967173682 529220347 92960578 784722947
747074413 612553961 648138526 909729288 374885778 713770813 225942916 568516100 996074267 160157836 299678481 33696950 491211011 186478407
905227655 959076548 610330806 914564444 499937863 102833151 996402426 85987853 182886966 153467009 113653479 454433885
918701171 232163243 529634469 985512576 819060799 27927677 482380269 642074761 353671789 930771792 46118214 848741528 933285457 513218629 10755836 163321129 880451026 762155263 708834142 761381534
571642912 499532690 763237771 685028272 401283632 740299379 172030248 655757523 158176664 582854059 579315916 846383844 502791369 716269543 199706822 6584843 765297169 738187826 170344686 380682546
350711472 110386733 890125517 82929347 827030353 510689033 310443350 165199275 524292641 461219009 55101874 298585118 271616120 812023485 154329956 707224686
268432317 870687780 866291947 805692495
91806152 116085838 986915303 850611249
246822422 764739151 195266057 614258466 372353273 216335764 377720240 768032930 385414024 292332708 673323928 298625001
424841411 104376831 217180518 226842473 150413449 873219552 762222837 963492613 915537457 88045635 832632341 130083766 396821670 121302404
32695751 473219740 704402528 189902548 844290025 579887315 672782325 298898541
225711757 95552388 115312403 966302913
161173953 39462203 330865674 173493404 34859035 162906534 605092885 346302694 491055475 18860332 23987151 457147411 263782967 544514486 331161921 672505870
916005632 612036466 4332829 102565139 739431710 285562118
29643134 566626909 616678428 297103660 261576343 540074321 317820741 291565763 276806109 65827061 329592553 735515894 223309211 33979135 798916480 849982409 788084278 274395094 816122969 547120876
538614009 363677151 907019794 712820809 147912613 925722880 843292377 446275123 792125331 119081924 759178092 669192755 180348311 255616939 552919369 813912946
469731420 128133315 194634429 583844649 255403338 136965308 406726648 671347352 97568022 223194730 384245165 588137136 976190285 739192371 286301234 991925000 277317878 888845027
872074004 8751739 930426452 173766102 149372648 766047192 737616258 476202565 167468608 190184238 189951075 490833134 980034072 924379492 435201523 394829662 252129633 356261369
677709063 590731484 766775929 422247196 300044677 913741234 529626638 344615715 818389194 963382153 887748518 51777429 771639090 430069493
307756709 833749001 330762798 235691496 617303455 162559340 761049369 943228326 745965850 564175917 239732008 728688259 233138308 811884750
422229330 375865797 601981095 974370095 881253778 608502943 161577359 491726206 629563416 813650580 961237340 427471710 618048792 120935817 451759303 495708799 70014821 512485775
997013332 312901610 276234787 397088593 113943245 567106914 896823994 188086059
577908400 678650490 35428626 811849568 243347282 917229657 626763907 874523602
946019270 83462085 890556534 453662965 795680454 268839237
117770122 565308792 271523706 389337178 624049137 832016516
185794612 658320561 228759694 913602412 453341488 839207931 433713845 510578734 48912512 521787374 613082355 452219367 619795462 257210147 685754274 75842658
769698339 614549872 375853580 201766105 803562669 504006300
582374611 984626511 135128265 711016269 613347769 72902015 767901767 159092757 966676786 276653824 867068319 973450111 424819905 480347456 133969961 154890640
327142137 262818396 214550467 644701489 809962564 826422649 816693658 7101515 362377118 90533910 141348733 446966390 980464227 229104124 258736480 98405863
481270616 668145933
957541994 624512472 688126146 802645704
814506905 561677547
534858263 400390412 518801038 508751383 947254475 113841994 456282513 129464295
641974198 283032808 843804701 206937199 389021809 881372923
624138191 704506764 810335674 785399530 594697238 47541044
450983709 925267759 365912929 43646914 559923832 939709347 707958343 134754981 211200760 168158281 385165285 173957472 768966501 342946795 427672549 656668311 535029352 555112563 328927769 460639283
589903616 712959428 556048566 522067852 920005241 867747882 838439359 266675378 824093844 182650321 802302846 159585613
246825485 890758204 712711913 378256438 953301747 544381926 940441919 889741923 701945351 730781263 597521694 177447732 384271023 548888003 321766103 453002625
194861825 543832409 636072402 937317918 721434714 533039797 573551582 426842275 537646976 10760907
400140568 333882099 15976310 56517159 224171144 900072306 902130057 464293735 308050372 722679919 90198249 966463091
722981352 240391156 386411814 761357871 521268398 980067439 496217477 730296492 498725536 226125848
927087791 131502810 830640875 832972325 704995337 242841496 872644177 372610886
473737381 321157264 880469268 92204363 459173770 819677702 426188338 509844575 929551796 680095523 731344981 75729547 643579578 732620869 633364462 625145742
112031897 473252355 660594535 460730933 599994409 28683111
468526529 538530028 584670751 842066081 76290312 873817291 312686314 657089113
332302186 259700436 906154266 90829425 687275323 815277363 285971018 847443842 891130143 671640302 214467573 429728298 865683040 901204766 143109187 389803102 758265823 617617319
749968709 619967985 603000833 824507278 503783564 97866318 396838841 871186394 776318652 248753307 40859191 846483032 815595024 167160842
672338053 889561570 519408697 47150357 812800845 779010897 358100201 528580069 629700923 9301918 915981431 342638856 57056103 866100009 840289424 758942876 587303204 116752423
406696503 155269944 996975156 418867343 308196897 600354202 42286786 374898309 498898954 345969591 701654703 936297121
260681901 808671818
579588961 527049578 780862640 297130365 954966946 524578298 486039971 312524990 822929908 130920488 725738320 111841444 363393894 907970844 287352110 121387499 696189917 409415088
354962358 670034953 901313377 302697872 471371976 859057518 96144174 669363318
147889099 672131563 379608168 824167573
232208723 607043930 932473644 808760136 177816743 710535233 971071058 97253380 376092994 335512367 307091141 897840747 501935902 933488708 394683425 976799867 653662920 461476253 815531120 263821387
216338133 595528404 760663084 98031441
243366164 848188908 829210360 572081246 582347387 486743860 611264954 616880398 893008349 583229690
811792559 872135775 51018679 934800360 652997585 600431298 147970837 121100777 603779638 758583463 555890305 441628055 67584913 390899421 672990378 463594248 337621083 562747087
328415055 69623488 599556172 619924787 479825662 39760778
956356439 69920315 749368042 740148687 932446400 965999819 463702635 693845338 528800141 211927835 976161913 275381238 112701252 865271593 750101596 556499811 646946111 972370783
368583274 750122012 944302864 772878200 475475138 378931458 211817169 491589760 115424671 689133371 88386768 404705188 250547210 291982010 771436505 234991536 47521699 134323768 70669992 15118776
62462701 715244005 45383588 737186469 243802142 348872703
903892878 550241008 846758509 599383768 978876668 478841794 739229390 146347367
453366184 409203453 936062151 805569828
64719516 801316445 662158735 764309290 150108508 39998354 513551870 650276507 354001621 673095229 384287318 928819548 4234750 267587921 77061078 628027713 327755179 292116382 990236159 502493642
837415327 296535210 787363089 508290307 167769158 934769358 827285464 129589622 94609483 833353217 179149770 365195318 645092478 811416778
449170800 529913350 672878563 368093743 361434443 276527553 700447313 508624974
126335175 110573821 620518401 253550227 645882363 723828211
630924193 310858042 416294120 713201143 62323261 918397222 587148579 783791398 893489426 97244946 709451113 749148044 211761264 38435804 849400090 25224437
367244286 118639779 741201219 805103282 188884945 164157446 124029537 800617093 788358633 606690985 151729866 909409387 616371121 691963294
710757088 964921684 624506871 186206622 628907464 847587832
210221924 426593469 650913434 667400460 654993156 464269047 584070157 78937698 375725289 110802667 935532312 703306549
105921200 638321906 390476432 772321496 370544010 703849301 92359578 851483680 832216270 294777542 588936045 806036019 617322176 439176464
787999470 912935853 186394206 394509568
891253431 910989568
288977597 638119807 907754188 542447974 154803526 146878817
930975688 920624987 571652360 897750639 821359387 839851472
484502961 715640077 406186822 273238446 52233111 64661684 439356511 764851349 810262606 690625494 963294551 775513794 135900398 213745979 192933894 708284502 95532940 784521865
534967526 376035851 740801653 844668425 267971786 756293171 774649539 859472782 645937598 481760669 892780337 208499930
219689612 353116152 614828959 801414046 530996466 416874805 63980027 419400907 889637168 221290264 887087645 625630149 341092067 381034548
481758027 558550087 434342814 79973432 390709494 369921723
497345510 866558426 372844830 591071442 202391344 108148515 955471376 354434108 408079780 608318336 468178960 260332565 947603392 113322587 964594837 923409923
879505824 40627538 297413894 883439503 262680482 671579013 845905260 954876903 921708937 760205139 724972753 451361615
856256267 88588990 845465050 617947505 841960532 630199896 164495605 383641938 698915852 292332778
967856298 822859095 168704912 390212705 430415058 95577007 384911314 702270631 41158272 635299635 248265741 325228855 654866889 767259082 708558308 680686296
363474828 435705231 953749968 643520630
506633186 171800810 880146359 795880543 813367522 810264506 430533649 960785282 975260056 820593133 697192706 775488778 60851580 923338601 207123017 813533081 927618146 368667372
607827648 304177444 508065813 752743786 150149425 177252092 524856200 905279151
866672758 795286725 54947439 540260611 154409735 110465346
563820800 260013900 384452770 346345904 957068444 999931901 973540459 500159904
417106976 312948113 3416037 686111200 196911877 180014585 785779235 684434879 906340294 716268866 255371230 755016706 708618896 717228094
65244025 189997784 248726793 612506528 813832936 844865213 269626122 712785032 72833272 198479235
485868545 188656358 760662403 129938688 485137031 460347493 377361913 812221248 106673341 903435974 107661745 659169180 842006423 6296948 158503501 642689248 918745427 363299568
521205281 759260422 50437710 5524284
56343514 282242686 939541363 415324048 300635169 87857421 317776520 562272047 528293613 966428068 813632452 770827808 342383115 335669683 157422746 260054051 503268542 740500495 33151806 39500440
992126778 640282266 259360379 726130295 26232943 989292495 171717508 410549008 932041520 341020798 205417692 552556552 73252579 103643337 588280147 906781437
502196358 176576300 528102356 787150756 913573208 758211691 327316914 698280379 804901068 586499480
245273285 885585751 864539448 810254832 966633902 884924936 554771180 331915744 31623193 314985315 114332948 829567058 274655507 230386198 317888796 337554346
244804692 999347991 306340241 281102853
96256681 113544642 213442088 688570723 900453283 212066933 243676397 68434806 380483466 171406218 266298365 581618392
709797892 438798707 41185702 314068649
194237191 181297886 164515030 337749571 248488400 295798483
557602200 392333868 104218403 585025870 97496792 574413638 145454493 431765687 269609293 332620809 503186853 519418014
475646015 856983153 475390702 285290881 464157004 532440177 951124971 360154282 662217428 578913040
826679236 324102613 349240925 394929958 390665334 140630647 551162457 901290684 227600337 839631997 953641511 595159985
84553781 149670689
36473374 506497626 800041862 917600175 554291285 194508196
978321194 907512887
351346598 680561110 914983073 844295063 329861350 34645424 988578906 96518746 502793820 400176807
718479198 441031029 307164064 13987212
658814269 10540546 585522836 888111006 745531061 392746395 80554105 202832159 125418528 29476905
980124904 624004385 293118375 854923701
208394189 478444535 845722227 693134724
542560380 399596636 528733059 219143530 720275833 583271024 29604003 364329006 470331433 687910193
946650340 375552226 864208068 210278956 506325870 763779096 631436619 370348417 218083909 866080508 627709204 713567127 255648584 186149735 56993252 240991468 185598325 251065203 501459921 25364897
912627292 186016288 933848704 80149334 762490184 803353015 804943474 941980265 390092300 274215813 862130953 731840420 968401016 574638953 376510163 76665644 47118912 995139392
553573402 673080529 376684848 907662651 926299967 189210985 33596465 260876814 99172256 314665382 742369938 72966264 832538374 781053820
784193047 272790486 630066265 662456840 843883198 22347413 125522366 545618572
675269665 997176779 319521711 580719202
279250458 341167816 918773206 867622988 709034504 198943521
234278725 571674773 501344580 648079312 341290824 135359362 733988121 984692833 575501750 867257462
395384323 213194831 734054359 269265549 311048056 205143346 915680837 568780630 179551738 348282213 236064930 413187727 586976928 753083902 819201817 105031152
191898118 14570538 287807020 867246846 929643730 26333785 519721291 704830109 693566398 504418073 462638042 26179656
712488836 950974661 852160329 157753834 442757787 840591904 158884227 12646465 677850309 761076810
675001093 607788969 655242521 800098963 694240437 106515084 787557021 303683953 46369563 984140571 833780614 832483328 81384399 182414669 42496894 330269797 441813281 60337977 865184158 947274052
818518974 191260974 51889215 85697513
193299990 750008737 688038421 208644927 172611078 343077516 863418518 871214491 999167503 392061137
848646522 199150717 753065827 232298403 324309240 997650822 327070173 650555571 27012246 430611592 72073466 504485647 616081802 749054054 294843293 637420721
525765660 844223953 812087070 721212918 608760373 368635573
836767554 849264783 757215874 68896821 84287779 316882684 609516350 607651083 439483636 885470133 496583847 580848749
951659711 326353585 375470822 87719157
70535296 317970250 825257007 809929980 546976133 406770173 698100587 455673939 418446985 788154483
748452861 264843159 749996422 506869739 820963285 142169171 463597412 588161196
423121355 520651579 482592139 41923397 529648490 919103130 959847729 145238874 893869912 642412990
533893575 640233885 72279077 715489243 327278494 996921029 272732303 93766888 180072341 193146874 976368885 778032567 987723577 178748692 779672867 930882406 680381903 127919107
20971884 554041121 940973946 132786347 626050296 687892584 507261639 192872846 36501258 776544689 931090512 14560154 971230809 854910610 135297875 244902474 756823517 309471393 293656815 595422693
178700389 250131516 872972500 192005795 522653861 145422507 844241052 895048005
232529861 691761567 278104183 67579102 228446176 716336847 41974181 874664908
135679972 438463915 891647751 450878604 376308485 933375755 322597830 372063946 547084434 827601135 994581041 175344539 36602484 710895854
140240092 584338740 544800784 394758722 402351188 76449710 959698279 818467436 509770139 955119669 355857632 12356448 665049384 896333319 283831613 434944334
243340776 222159496 486152823 970203519 202048452 465197005 709076643 910139649 193177053 579190050 670108179 553459438
105022440 257636866 620659588 821188997 28323535 857784100 404203161 825449579 586313308 943377869
69363581 105388317 175036457 443165189 877562997 84246059 204591101 473509494 957160382 526755497
286520761 275852861 787749152 924652964 294802757 300808092
475996062 190064818 394424843 722813613 98088378 946251497 611095304 936536738 301840870 736398020 429632174 427183416 128327342 266909510 487149913 472835681 276216330 658347875 753048803 183776967
527290374 755634334 400618832 5474592 921276244 853985607 826428449 709289821 791328060 676677515 584634737 784369946
458194546 958459566 710983965 843504364 738855579 5106728 99879321 580442355 885889656 743782353 151719920 512600437 641170003 108614863 787302259 37235751
761589490 807260568 755936876 230732788 715081211 827130212 579919918 794284811 207936161 18688761
882272309 527225831 934457726 338946837 710306393 832816623
397570180 285936898 441125867 879201117 650012312 166354151 952207402 557547165
546444914 605427490 607136759 793128465 905703686 431328258 563643561 313682504 362644474 680841489 636922388 830064396 900836105 861542069
198910990 309249780 484078625 793756046 295321575 392042031 756923532 628285765 774484887 549532830 778441238 333271758 850218986 624771836 134428714 417288710
703326798 94689485 287626656 221255705 708631720 550947734 399532240 253380136 590826662 990833619
804799476 517913317 483359822 405560711 519294252 47092120 879564708 598582427 822189950 598256362 570843544 831329663 488884630 386672369 761457788 881577324 251654664 766162372 863742325 114626565
732823078 422512689
863353083 924804629 107678052 739846555 821978732 707369800 711730667 584724825 930612378 282836316 606216580 715076026 786286902 405906954 207023840 944453537 372355863 48227911
9624405 759768703 106137225 61824208 886766867 694549122 521563625 327222472
129264710 27785677 390843914 953696645 560613277 359927724 114380743 185233886 935560516 388140005 599143342 40148659 589483010 606000382
773586197 445444340 105342000 467415079 384152758 902594845 414302273 710938857 112023364 615448167
939566531 231713175 174874707 36124998 168320125 369560499 162366941 234513878 774856608 534771425 38757077 704242422 733198264 105832956 788245882 684629607 6260900 195573775 924418587 438843704
947882779 660967433 158619772 925763116 992600646 870462335 442443477 128615933 859959232 758505973 257888371 487095618 765242611 920270687 681853583 152526192 907134592 977727244 417296722 55105098
340335202 17605382 180475820 860246621 171808061 987708667 413783161 351617851 716296593 635847976 137708899 1870868
937054706 127870481 529401413 660210687 492092134 51753472 283064947 177606229 344064251 449328050 990282155 245359422
716755937 541864432 429227464 994017153 170357946 728998821 153345229 769935712 767912334 937806680 105078477 936635971 379971771 623958442
689607509 361181068 95909734 305668756
379044846 277955038
272109189 600717672
524116269 399168780 255854445 820043653 232276840 511926974 88102593 837910362 744875017 114091022 949490569 507002291 24596038 851458186 533821526 272255896
18045777 268437064
912514623 81738116 342142637 138148552 490498755 606671544 344528501 637541908 69810801 893560658 860537056 624766846 509271207 565053622 960060207 718655833 402815728 916966862 554919043 126648361
535551213 516504374
17985425 45943090 797969253 671314483 940028150 516249996 567421752 388792385
54180128 979441585 315247419 254916618 746192490 526548797 909021583 746315835 213292334 624791304 355147296 56527310 224076484 325308731
932180533 184852087 936941257 403200786 251703916 813700615 728155464 977128497 762146277 715480309 66348752 970568042 833520692 530310033
775698005 364767251
94309207 373735249 468783196 673074168 138745126 136802341 524733474 492930033 219571885 86213205 94438827 625092622 604817390 916584444 456945623 543952776 800943028 272055948
923777617 699581240 936152256 804150469 914989023 221797678
624849386 210192655
679401055 6975470 408411674 985837572 244886925 449607016 818835264 856823315 296600556 576144742 711162780 640825509 881685691 318485409 413531180 79120718 517148847 848783260 827063107 879559789
373556405 44163712 49765801 339203082
761765395 645736731 965900015 800603670 210522674 532627177 331684816 435223882 102402322 30390051 85726402 993943831 990001078 703251867 922777381 829580706 438145700 310639693
324682546 558410488 405806734 567022721
143386746 421061709 59632659 245100667 654908795 910142836 397197599 419880105 562557905 152752403 404495092 370042620 599827133 992176099 70815071 589091652 749346408 195946035 538191938 454531705
612187643 553555127
788700316 545134657 452479662 843021319 649806533 550962046 853899012 926315285 712875211 352017063 799136171 31598797
674999423 640223478
885841695 708439081 243724547 453666092 102932048 346416332 919776956 250958099
379243364 115499851
940364637 976499896 859027311 436426421 783741799 472726908 732131710 272424056 742372492 582800860 132073205 556253664 20109598 271881231 15052046 86645666 863889604 33478976
939444119 691074327 320877664 549951164 35924272 767321233 371721050 413918247 600804139 618860902 166828620 401049492 271355233 684509671
658053606 435236911 576985870 356539232 542835775 564973187 442771535 246617124 35739901 402323468 354147229 60094062 578714353 404134694
236487655 327471670 581900360 163381459 744196993 818840030 487256261 759678402
475659767 879698276 403979177 407142511 514744524 315207216 642594800 93110624 133032414 539384908 555261223 387214343 262444597 150255873
524245881 960802565 214573470 118777236 129144289 657026875 886682390 804062280
900976468 975296011 579192079 127220247
778801578 941184169 467791613 433165059 987329937 189799647 287619554 543600622 830588663 225008932
510194034 734682952 414325361 183682813 958665041 624513995 848785761 25304406 742543977 868836517 691624606 838243634 481619428 906342188
528325510 627446849 774738015 128097610 295534228 113212962 869130674 423707594 930767492 397669624 425905095 997735141 617247536 775989749 859240467 444701965 360788472 86458183
82338264 203722720 472514259 905443070
76854316 452948177 447926555 553137982 455706852 61872811
299948034 256499027 996177277 224245269 250121235 153232249 316356752 199452659 250915473 637074047 495741080 351835173
689813050 691427191 683821462 916842518 515791790 676789114 442913647 35960415 568238036 933694245 227439587 431353151
605868768 721358708 566055467 243358407 513635916 374704812
587031552 571907350 284257866 222875110 181867249 678937272 377620706 811467113 118300335 314451561 100548562 55089758
210354002 380062901
271118687 835768109 772665073 442453043 575844629 711833136 94252594 312012212 727708679 987948471 510151539 674518461 940685819 8702654 250448358 671978420
799749362 572948468 593610351 417346849 713407429 763102123 733204447 436499132 776690184 306254855 922430665 407917663 871172314 992741231 302701554 275711481 73658193 488741044
661553848 889222465 129826144 928903827 56676419 13978968 276868016 846210893 351523506 683852958 218954024 50024095 530038995 43415189
470276263 844754958 770694346 434264126 159673573 768325252 258245232 567843122 591812514 745522115 340608759 80511860 771214003 399476551 186552420 306204243 238686444 25963038 696145954 455934727
415700962 450587020 527738708 661760448 60647268 795871312 665167996 261280051 741448391 900250243 210573111 282611731 209565467 495718708 998769328 719305889 373000193 503808947 993903537 573927344
641213129 987405311 446509740 758988178 133939015 396500744 431285889 295356517 935828353 235789385 1166719 438435090 27837817 427402565 138871932 147279668 4461608 407215466 279916782 920328529
726266922 284619199
716032462 838114755 880983994 833167812 436038794 788015943 993621741 758267572 442545067 729231439 468150834 358091898
465872863 878426840 694886840 953042982 346075031 498175016 803964975 577800026
223389327 601831816 794802620 524718628 492097733 169992944 768487996 687440110 479358348 779400188 863134302 244619163 459244243 178226592 958593997 262254897 702249343 127856191 597163920 149927600
879013575 904928553 479943129 585864296 425582299 122916520 200877896 565786958
113057820 350779734 158930232 396601221 626809195 852685959 979377676 36818586 650606602 275696426 794485784 776478246
785287406 654004210 953907156 670641819 366277370 337843389 182353338 369876145 42609380 331973197 41944496 328901539
718542087 294298191 970397321 449083456 723797586 240776864
362732882 745588519 346057148 584283252 485420960 771352369
343014479 426947584 937926377 40413507 113409250 920998063 697014970 316021047 180212971 798926974
687147322 18446842 368258700 727771570 940894668 99014917 356659704 314769850
316391310 297473708 66245655 169152904
461263672 448631776 21872651 843637825 967959490 820408005 399514447 462802234 39686949 299123101 275436982 140415855 925967838 277979915 46368066 473245858 499719199 104397925 558050792 476745348
489581694 152699573 312087241 746090691 573394352 782085382
937187129 895448591
231671622 338657584 66958077 690031546
897912316 71702933 662341082 403176642 865589218 729602070 955877695 9030765 417893153 484044886 258237370 223874840 416012177 97399636 984140273 307492383 371827886 601053461
725144839 520512648 954671784 134583483 467325815 682325311 260021266 911520841 39912597 921301078 148628366 860373660 994750097 432020537 371143673 897498491 702443499 170431572
230136554 789312446 171204109 368740172 56796217 986211726 723572113 67723277
365534158 375545955 230198112 891380037 752357543 197757839 791876352 118810907 536965630 264456470 14643723 583529736 188946633 475072931 82497210 893072201 927500316 271550046
947128151 494198078 838905760 679734525
811613271 548002622 687056053 213081706 734294417 585921055 132382580 129590289 93160780 977593433 516911871 627649196 848646583 822184258
593416501 703687878 142365913 476460718 966590899 293047736 699446410 535442752 625491163 587733025 640685108 257467740
733244671 435668953 626252273 450760372 915425846 655749092 15450601 525587526 571861739 981270405
209673936 852723937 68681045 793870575 200694967 96587849
867414560 967475130 42707250 769022164 217138954 973372658 41500639 222519885 725542256 142273155
251132989 651862889 421664350 49910084 332532701 526111858 807459128 100481218 141119315 776535585 218405900 876837868 825704438 915157962 595353166 59041026 384861660 304741886
529938638 165577219
913178547 317672096 723299383 488662370
408897905 211479653 520180583 185613684 22591327 205296751 72193511 201724881 113935107 966660940
879994187 256890842 181439454 232289158 804713451 123741752 756585154 615517298 927974274 114667836
894506294 171493518 778200257 650252001 423021468 185288065 859071916 203375128 517875712 746535857 379846253 628128607 621364235 212787547
757996735 144751126 909897732 88688464 68393985 555826304 439666579 923464679 948594314 826338077 366319055 404572257
680970584 841959844 562702205 264034364 340652892 886024560 80825088 193343170
928840330 636979479 933105274 808335169 441034344 410761025 928970373 866702423 162155568 948319937 317658157 582176225 865733440 289122241
862027142 41322056 964426359 694009489 326359753 163266158 276727321 729467319 379600760 184515733 662835041 563464182
161121685 584258678 725429447 888266809 563208349 972286481 522401720 315553496 479762705 76550340
930470454 441688683 40236362 795170725 486017828 3412603 536718641 684342299 710339159 429467443 931341827 295706664 574447842 609396770 978204545 969973668 514175018 32836811
815898203 91262904 492578539 3733686 57680423 306267402 355276949 728947174 730396731 817038606 917757815 297375875 23864933 712172448 996215235 423915323 141814388 495215211 862056883 378790492
723387235 578352599 949460690 831642161 527715148 778135393 586715005 933012001 282151315 398455176 867842634 382030902
171282921 924218181
308251368 361099129 559069175 632037095 824969368 647840806 922307077 517234037 896313067 514558195 734766653 818167547 676307891 634288973 954075379 688657298
6571607 511203666 856674897 90797793 962578224 723519176 515081606 632506399 263863871 267195616 148124894 663132546 233093855 319650277 908692159 209923840
976464786 266179786 360651834 463163156 904986069 936883564 653593311 69267977 222797729 654939014 848452774 521853908
321116247 225606052 985064136 266195904 40754858 354131178 630734007 166083354 34396359 228184932 479240641 631777034 645577987 862093126 593872212 298373088 704244236 828552624 313525202 854236507
79756038 100692301 155143594 565910013 263375546 406434697 211957492 331753042 468263799 286622861
302438760 967919118 825153565 837173262 704347127 81960623 310354867 805322158 699507416 161987703 850473193 713460348 445107796 398390068
298386938 778055638 94739682 652846641 888463362 626867047 524262572 570235293 149626564 512890164 471932845 136952087 961416510 15529649 161643972 610311984 359332393 415811342
164428579 458331985 821666346 405209453 70366999 74723678 501066431 952117002 483213370 108682233 915774056 729886400 475075166 680322158 662188259 923282484
664858243 594573659 205422977 203839866 87330540 590650108 310881477 884728410
333729757 974213474
140765045 647066598
474595038 967245205 75634420 916662958 269054960 838665270 155775991 634441872
937706860 761943520
365761053 630481900 649311696 387431968 128936471 389617264 323575818 511506342 945162553 403876751 243427929 337269210
640558454 715198999 44545102 123051329 409869885 491744197 83335470 517268864 585349422 69412376 738662269 624216770 970629599 639540525
791555660 612672222 371327665 306308003 467352443 51978273 764069596 247338812 230810272 940014881 155851855 569668880 605629431 971935377 647575660 663123580
590383350 928188251 931454988 381989632 598343183 761252554 635723078 618216354
278293300 901228876 587618798 501787321 281557070 63433597 56133362 26118121 955865170 262630956 842799752 312387055
906323952 431418648 11932111 345376011 900956319 205177174 810743168 987495615 597761104 734351821
246557385 960897529 505954055 262030186 496421263 368189800 438281688 40051689 721145987 19338877
504142730 611104675 506021738 248841651 541185101 169889389 378636520 691676975 477286027 554310731 979675459 494276868
352166808 590796378 877931514 398651475 853687382 445161553 315813484 68886214 671668894 154847927 219291709 893288057 700566561 573475760 762520823 356383930 562206730 474016743 672344810 792232291
647327571 186033851
800681576 529064489 577496635 484871927 916319071 553721330 272000714 795952161 394255735 348825465 608515709 383976487 962636107 98767897 507619188 793640361
428084843 155967378 949787119 136806321 373800817 263511116 715614592 103371018 632638433 46060032
755041193 500724922 453933034 204169083 142063694 602359201 803941488 126024233 906139612 157719839
413189167 833857388 679047805 760998106 525082414 6801777 829869663 438311854 908912636 321668327
586528503 677916072 831668341 629157841 569980281 272620078 537569595 138029855 126504567 725450112 173912756 862626355 222525195 915930099 464712111 856417469 901410278 199383 933118146 973614518
610121583 380383666 873241411 19219075 147212554 503837149
166499829 475186233 722151243 402271918 757691024 784875594 972645638 95927196 270141834 697359505 363533170 290418445 957228259 230187739 168259812 909623696
221301735 620956523 70308059 168205987 83007615 443791837 973982718 889859137 411839647 462930022
480984058 87491419 191471465 48169678 1815395 325633061 803514262 998888545 479868314 148376414 229579586 103887439 207530567 792367591 111502918 430464570 203698029 913566504
520336899 771656716
212230454 963324331 928538981 422055238
67191138 945512381
296747077 32005748 293801205 929652762
920199179 75112565 33043796 49162952 246650231 515135306 392630907 211880536 873133106 153837005
784279424 852359337 437766860 120291476 957219533 60632266 882086007 963496521 860755653 304729169 244649290 841846066 184080102 968391656 829340720 688217166 682066520 294240340 164867360 550267369
609731415 62165625 17648420 573871305 782670143 843800441 569488302 389559141 895786852 368920098 618624722 982558031 822440237 364128706
250755188 261820220 577800145 303143784
313431924 927523597 83306171 332574861
362494854 252824871 326546580 240202050 712020610 242755720
946227514 540092934 509807499 303635593 164716020 362622968 272186393 126300907
969042139 25306276
945955151 94168760 269221659 379078064 431709428 743759765 629390826 848291108 571510471 829124633 705434730 748247804 917503795 280966525 72033541 738906042
690173035 460446819
419441013 730124360 308671979 578826569 100353219 402825554 818482318 778483916 442732776 257685557 443952561 865818374
43298319 848052511 402787232 876126280 767504718 810186625 958376965 896920640 620417515 569803999 679366035 221675153 206164968 943319787 996495305 402155074
990681974 772860061 647930494 68928592 82478576 552231298 939669740 291173750 468288572 365602696 358933433 715549549 997738381 515409956 596188752 684962021 850275987 965579624
402596724 20423736
671192980 692168298 677514886 675693724 727942966 886305049 476408439 996306274 320708408 575618712
15884952 97070350 415788218 438874423 227332416 136974764
771120809 78453780
344813017 308448948 228701006 760967098
510488664 245864796 518783812 736658270 368075193 841375853 920262405 784612148 235129582 258431478 579221799 938431253 3438636 578807045 274311147 192329302 181045239 690235594 517645853 797558611
340765236 58950616 356342586 98661066 9214139 812019487 636237075 615578582 394799105 168572050 282854962 516868552 70434951 304561984 849391557 318115574 808993767 551683004 258801023 222204890
629077678 671997964 469844891 831755649 229583069 91504111 368448358 725036036 378792038 371154665
206668896 684725926
755072193 891030610 483753449 764842377 995571379 927633806 814710823 28442979 225183552 142432040 933764282 967269498 161667264 728878146 548959494 891366827
810861158 450696023 486025216 366364282 370342416 860502220 391443718 195186118 915199239 904397387 839695653 499058234 542310753 853976558 692626442 519706311
283367303 250551834 269247120 183615953 483249158 651076008
408623733 367826723 76656664 710833287 539256640 697625827 332574467 446616523
757182434 128639098 685749913 781514705 511280105 833408148 105668181 528156622 580665129 754030417 47791094 675131671 498216785 36089825 248117902 634050210 215081625 345921509
49174947 573708617 772637865 861504832 623547234 572255101 678962375 187680844 822423278 347903785 181928222 897341098 470214541 447367044
634227025 357509858 425884345 268386970 133172864 215066126 399004053 263320084 469212844 730435382 326450000 37496798 42798382 431638338 223738226 662084109 873691068 502177857
388576641 246839884 449525400 807130721 342423622 233222723 229468872 101830532 839735038 608449237 205644481 303752791 191871055 579198566 605520520 559922088 252537789 428936688
103805817 609027863 569533277 378213233 503076648 939929031
477022055 48358491 160777068 16159309 73519276 408356907 619616099 461276259 650642463 786064104 797989470 538435358 25749226 990144683 646911794 907233480
58794532 367644397 553700756 597979446 24113982 715511818 835104750 51034240
202798599 254101523 881142049 571306285 819678477 414506567 193022364 854238348 210133316 903131645 840197658 934513801
890849930 920808037 798788099 525044663 443808096 590438110 475018676 497931317 480107364 784503493
800698536 135335304 568351460 369812973 399218133 882804511 948812539 187440345 143303445 547498854
275561724 665659389 296529608 985185357 905836478 659288188
377713734 191253321 53392994 708089024 543135627 525716191 897378651 238109441 647737152 558736365
145089772 910679267 21475014 890088784 387590036 492301929 47976465 38007194 368977548 842377046 982221722 708732336 82879249 499755589 55589762 761231260 292665176 709022920 261430725 216109523
90110577 462036108 217079249 16684708 429226253 117973133
914329455 256721077 564805774 703144548 402401981 273233860 568114072 819577983 722605916 620607716 647816781 494551364
802387767 388994397 842288201 110454833 99350301 26483375 192992258 745846524 965625267 858461867 709349328 721455029
506429348 252705815 184595570 698224826 739948197 308418091 879026307 865694853 488189224 787581243 762982314 764752852 500555601 417434905 962841969 258389074 795358022 989579167
936130496 970208096 148726720 130807332 366577647 235958098 285772142 488966814 592116277 766411759 253294826 76467723 571263844 925810614 759281304 359126073 249375714 492001234
395870255 430504152 973271388 610710418 578858957 537784463
319896930 100489977 206940460 493985389 357831562 360518394 379059595 77165974 904965131 388063288 126858172 550466631 713102789 581954251
132057003 116993121 621300944 47961040
632782975 478643796
517025077 774954235 150152217 638192265 122923395 654027487 590459064 825137984 252305576 66939811 656793579 646854440 5925657 778966273 218708487 665438305
843084765 999038130 720354934 215728851 534347099 151954188
297654002 227532896 648038025 744711394
701866644 629538701 464863656 278016064 287336412 959167761
913730705 235325570 581386751 97917261 285590052 707757133 965333803 571639169 144352712 574207343 573689877 659204780 998036212 396283819 165258978 100701587 485642238 61411323 780380869 339717422
911792432 3440112 636826436 654833713 573290112 274940627 424438259 385986831 23805459 61845257
824634634 51226567 23782248 655005245 28720881 451959268
888919698 964283825 203527176 631324272 692515180 209631555 337576594 730239368 405552229 720581897 626246997 770859573
737409133 715532392 865865216 442974895 121218715 572242705 42342402 319504591 105948857 429233414 910521975 813585535 683694121 821528449 823824037 715495999 985056048 923438707
841013047 681034427 667793997 924589111
363136541 645665273 221380840 844099486 423328759 588450877 326556289 900896253 202302189 379154859
165457466 492074422 779660290 703883415 578251272 322928829 487873279 797200825 496181552 6949210 370674140 803152473 536735676 675262677 481631466 38178794 530821695 18935598
645435171 730178326 372980296 947742536 813815034 221545279
253966593 873337086
458441451 676468270 615980864 710969512 822958517 415664362 252117404 705863187
171911399 261356733 428872954 53841343 222276325 392876313 395967393 618915146 454518287 827475248 10036394 574413781 651478060 467330471 153321011 945024576
565691136 775649633 96973153 112564055
758223747 92471065 615278764 743607944 245296152 138349402 781967666 568708408 877059066 417972664
252735861 236656078 864249973 546956276 303682697 808435129 552330890 845442682 29373493 658452922
997401010 946835564 80234396 951989222 20333054 870923996 164546843 20618452 233562458 871690417 556083885 354339456
899248282 39892103
67799890 68324081 350920151 484092477 1746532 544962597 206960443 543630991 485887279 413002788 286837312 111158422 672490851 783422013 259457017 878660331 698511760 84202443 649612797 792565632
198362096 404866473 319439221 141915289 720427541 952529406 942761924 341563378
14778916 966049278 621055187 769933947 426858258 766546084 927016957 447956557
252706822 63545064 552940450 923560354 531246914 519227597 721537672 35340356 694796266 946100888 771780311 785520568 831084418 830105427 500948853 232550949 190101543 756613089 587396257 944729173
797003887 710512463 803042978 313195515 285075621 79190520 955476170 302236156 537444871 400320599 157055165 650438920 435851861 566819287 128113129 964737764
6014502 830252556 993650426 213246244 240670787 156172494 717846164 317644894 673721887 510135715 448027016 38285120 606493754 530803913
145776709 341773333 90414895 172669113 343247981 415707066 61562605 582490684 716649460 604526895
291432813 479832770 533088017 22853893 651316200 879762716 266146813 283385153 714302441 599675699 436644645 143067249 640741672 384643077
171233474 530733982 702243126 288921708 466622395 955338795 316719971 576249393 126856359 436199746 277769985 142368655 476419497 353748822
125571855 777394710 693267930 112328142 943780714 270294956 111475692 132532034 31621694 537739537 742418757 282062155
906173099 372485209 694919527 524066682 102104541 885341961 28921252 714293420 788426028 707796461 633575346 675975563 908587669 812998817
990192529 44878298
437759128 304314675 221458268 29637641
263823147 137640999 958846822 187794145 391637249 980561047 749327525 891263133 529573509 798524495 763251974 894130215
634293783 704151401 937315794 991132751 127904815 552073006 11851341 75095736
573802505 58707692 769769855 52534856
60532744 467854627 788238749 516454650 75176665 461693379 910494185 58720337
261988868 221636828 991827188 982858010 216757248 840915408 424955787 443848294 584510439 150374055 973604060 668326032 310533588 599304629
339777756 959453516 7824418 411798682 207558009 685954656 732951324 618548895 138329924 303790286 277279403 369591333 546398067 41444842 450576106 750414555 785626245 203868712
527107718 720233790 4152838 465862830 707096819 797429901 467885331 163715966 642890387 384983979 822754511 134074146 234565315 412588746 460817808 734498360
552567626 887695105 929012256 545275479 548035011 600894847
62609079 130002980 398879685 615717071 988208666 444976692 77426923 509266861 193380086 639898057 82512079 903356345 661700052 994078331 732827610 825728783 118355833 559485973
932525737 105411341 703911629 102393111